    Depth (cm)      50-10      50-22      50-23      48-14      48-23
                   (4.81 m)   (4.73 m)   (4.97 m)   (5.04 m)    (5.01 m)
           2.5        215         74        105         51         53
           7.5         50         38         39         34         42
          12.5         30         40         30         33         43
          17.5         39         38         31         33         33
          22.5         71         33         28         28         36
          27.5         71         26         28         22         32
          32.5        125         48         57         23         25
          37.5        150         46        120         88         22
          42.5        200         30        280        105         50
          47.5        275         33        270        270         65
          52.5        260        265        330        300        120
          57.5        160        335        370        245        545
          62.5        150        235        125        495        305
          67.5         54        300        135        645        360
          72.5         75        410        170        365        320
          77.5        140        525         38        445        335
          82.5        255                              580        425
          87.5        180                              665
          92.5                                         790
          97.5




    Depth (cm)    48-21      45-14      45-10      45-23      44-10      44-9
               (4.88 m)   (3.79 m)   (3.76 m)   (3.85 m)   (3.74 m)   (3.66 m)
      2.5            81        855        965        180         61       360
      7.5            61        540        155         73         47        53
     12.5            55         47         34         59         43        41
     17.5            52         37         43         46         38        33
     22.5            49         48         47         34         30        28
     27.5            92         83         80         25         23       530
     32.5           115        155        125         79         21       105
     37.5            79        655         62        140         22        90
     42.5           355        580         84         87         50        89
     47.5           540         iw        290        110        120       150
     52.5           380                   160        150        115       125
     57.5           190                   100        745        130       110
     62.5           165                   150        iw         110       115
     67.5           305                   245                   135       150
     72.5           220                   475                   175       155
     77.5           280                   560                             125
     82.5                                  67                              89
     87.5                                 105                             135
     92.5                                                                 200
     97.5                                                                 240






    Depth (cm)         44-23      44-14      40-8       40-28
                      (3.66 m)   (3.75 m)   (3.51 m)   (3.56 m)
           2.5           565        285         44         52
           7.5            75         45         32         35
          12.5            51         31         67         35
          17.5            39         45         24         29
          22.5           100         91         17         27
          27.5            80        110         16         23
          32.5           125        155         17         22
          37.5            53        135         18         22
          42.5           295        360         19         65
          47.5           305        150         37        115
          52.5           285        175         48        105
          57.5           220        105        110        120
          62.5           315         99        225        170
          67.5           285         94        215        185
          72.5           390         82        230        145
          77.5           350         98        210        230
          82.5           240                   295        235
          87.5                                 185        190
          92.5
          97.5





    Depth (cm)         37-22      37-21      37-11      34-11
                      (3.42 m)   (3.31 m)   (3.38 m)   (3.13 m)
           2.5           355        575         37       1420
           7.5            46        360         41        475
          12.5            56         81         35         49
          17.5            44         76         34         32
          22.5            35         62         37         25
          27.5            30         55         35         28
          32.5            59        115         38         85
          37.5            93        225         32        115
          42.5           110        375         30        140
          47.5           220         iw         82        250
          52.5           230                   100         iw 
          57.5           170                   115
          62.5           155                   180
          67.5                                 180
          72.5                                 135
          77.5                                  80
          82.5                                  64
          87.5                                 115
          92.5
          97.5






    Depth (cm)         34-28      33-23       33-28     33-10
                      (3.33 m)   (3.16 m)    (3.20 m)  (3.20 m)
           2.5           195       2260        420        465
           7.5           115        480         77         74
          12.5            87         81         58         58
          17.5            76         87         80         67
          22.5            74         50         71         58
          27.5            72         72         81         70
          32.5           125         73        135        130
          37.5           135         59        140        115
          42.5           150         60        285        125
          47.5           270        300        195        160
          52.5           150        230        145        125
          57.5           110        235         91        125
          62.5           115        175        120         91
          67.5           150        155        230         84
          72.5           160        115        265         67
          77.5           215        105        280        130
          82.5           205
          87.5
          92.5
          97.5






    Depth (cm)         30-22      29-21
                      (2.69 m)   (2.70 m)
           2.5          2390       2580
           7.5           850       1140
          12.5            50        120
          17.5            33         42
          22.5            32         50
          27.5            58         59
          32.5            65         79
          37.5            69         80
          42.5            79         93
          47.5            74         87
          52.5            61        180
          57.5            iw        150
          62.5                       iw
          67.5
          72.5
          77.5
          82.5
          87.5
          92.5
          97.5





    Depth (cm)         25-28      25-27      25-26
                      (2.29 m)   (2.32 m)   (2.40 m)
           2.5           260        190        205
           7.5            71         95        180
          12.5            69         90        105
          17.5           100         74        180
          22.5           145        105        195
          27.5            52        195        105
          32.5            iw        335         45
          37.5                      350         85
          42.5                      205        115
          47.5                      125        150
          52.5                      355         89
          57.5                      245        110
          62.5                      140        110
          67.5                      280         56
          72.5                      180         36
          77.5                      145         42
          82.5                      220
          87.5
          92.5
          97.5






    Depth (cm)         21-17      21-21      21-27      19-22
                      (1.64 m)   (1.66 m)   (1.74 m)   (0.91 m)
           2.5           225         68         78         79
           7.5            80         47         40         46
          12.5            44         34         37         33
          17.5            30         31         41         34
          22.5            35         24         32         29
          27.5            26         25         33         41
          32.5            28         42         51         89
          37.5            26        180         54         79
          42.5            26         72         65         77
          47.5            24         27        115         32
          52.5            51         25        195         27
          57.5            67         73         88         24
          62.5            60         78         73
          67.5            93         58         55
          72.5           140         74         42
          77.5           165         89         72
          82.5            87        125        110
          87.5                      150         41
          92.5
          97.5





    Depth (cm)          19-9      16-20      16-14
                       (0.78 m)  (1.04 m)   (1.18 m)
           2.5           260        635        415
           7.5            81         74         68
          12.5           110         58         31
          17.5            37         27         22
          22.5            22         24         16
          27.5            36         29         17
          32.5            53         42         23
          37.5            54         33         36
          42.5            66         32         38
          47.5            59         32         39
          52.5            33         37         39
          57.5            42         48         40
          62.5            88         45         60
          67.5           135         61        360
          72.5           120         47        400
          77.5           135                   265
          82.5                                 175
          87.5
          92.5
          97.5






    Depth (cm)         15-14      15-26      15-15
                      (1.51 m)   (1.43 m)   (1.54 m)
          2.5           115         54         59
          7.5            46         38         39
         12.5            38         31         30
         17.5            32         30         32
         22.5            22         27         33
         27.5            25         24         36
         32.5            16         34         33
         37.5            23         63         32
         42.5            29         47         22
         47.5            29         40         27
         52.5            43         31         31
         57.5            42         35         44
         62.5            41         64         82
         67.5           140         56         72
         72.5            20         58        100
         77.5            98         73        155
         82.5           110         93        105
         87.5                      115
         92.5                       95
         97.5                       57
        102.5                       77




    Depth (cm)         14-21       7-28       7-9        7-21       7-14
                      (1.45 m)   (2.87 m)   (2.88 m)   (2.94 m)   (2.88 m)
           2.5           185         61        425         80        345
           7.5            44         29         40         48        125
          12.5            39         34         24         33         35
          17.5            20         30         25         31         25
          22.5            17         25         40         31         20
          27.5            29         24         41         27         31
          32.5            29         23         52         21         39
          37.5            37         46        115         27         39
          42.5            36        125         70         93         38
          47.5            34         93                   195         72
          52.5            33        125                   105        320
          57.5            27        235                   245        400
          62.5            50        110                   230         iw
          67.5           125         97                   365
          72.5           135        315         86        320
          77.5            38        275         78        105
          82.5            48        330         93        100
          87.5                      390
          92.5                      250
          97.5






    Depth (cm)         6-11       6-20       6-21       5-11       5-16
                     (2.95 m)   (2.91 m)   (2.97 m)   (2.93 m)   (3.04 m)
           2.5           415        275        190        795        535
           7.5            82        115        105        185        105
          12.5            65         71         65        160         64
          17.5            52         29         40        185         48
          22.5           100         29         30         39         71
          27.5           100         31         67         78         85
          32.5           935         31         83        125         70
          37.5           585         58        115        225         iw
          42.5           460        148        135         iw
          47.5           420        505        265
          52.5           260        410        325
          57.5           265        185        360
          62.5           390        185        210
          67.5           320        260        110
          72.5           300        330        105
          77.5           345        285         86
          82.5           400        273         79
          87.5                      384
          92.5
          97.5





    Depth (cm)         1-17       1-10
                     (3.02 m)   (3.07 m)
           2.5          500        110
           7.5          115         59
          12.5           58         42
          17.5           39         35
          22.5           68         34
          27.5           77         31
          32.5          185         32
          37.5          iw          39
          42.5          iw          50
          47.5          iw          49
          52.5          iw         330
          57.5          iw         270
          62.5          315        270
          67.5          220        300
          72.5          105        315
          77.5          170        190
          82.5                     190
          87.5                     195
          92.5                     180
          97.5                     215


_________________________________________________________________________

Depth (cm)   50-17       45-9       40-10       37-15       33-15       30-16
           (4.78 m)   (3.75 m)    (3.49 m)    (3.38 m)    (3.11 m)    (2.70 m)
      1.5      350       1500         520         385         865        1800
      4.5       57        720         385          58         490         735
      7.5       39         80          81          61         130         124
     12.5       30         45          69          56         115          66
     17.5       53         36          47          62         100          40
     22.5       66         36          46          47          54          36
     27.5      105         70          72          57         120          64
     32.5      130         72          80         150         175         105
     37.5      430         86         150          96         115         110
     42.5      300         50         170         170         240         145
     47.5      365         95         195         190         195         210
     52.5      785        200          iw         175         185          iw
     57.5      310        210          iw         205          78
     62.5      355        175          iw         310          66
     67.5      120        240          iw         235          66
     72.5      200        170          iw         225          86
     77.5      175        105          iw         130          79
     82.5      160        165         240          80          89
     87.5      225        535                                  86
     92.5     97.5







    Depth (cm)       30-21       30-11       29-20       29-29        29-22
                    (2.71 m)    (2.71 m)    (2.72 m)    (2.68 m)     (2.76 m)
           1.5        2240        1330        2440        1650          755
           4.5        1030        1090         475         940           94
           7.5         560         475          57          52           59
          12.5          70          84          31          27           44
          17.5          42          38          29          21           33
          22.5          44          49          24          20           34
          27.5          82          83          25          32           48
          32.5          90          83          24          30           72
          37.5         120         100          47          45           76
          42.5         160         140          66          64          110
          47.5          iw         175          78          89          125
          52.5                      iw          73          96          155
          57.5                                 115         110          430
          62.5                                  87          93          700
          67.5                                 140          64          670
          72.5                                 185          iw          495
          77.5                                 125                      415
          82.5                                 140                      640
          87.5
          92.5
          97.5



    Depth (cm)       25-8       21-28       19-20       19-23       16-26
                   (2.18 m)    (1.79 m)    (0.81 m)    (0.89 m)    (1.09 m)
           1.5         455        470        1200         545         680
           4.5         235        180         110          74         485
           7.5          71         55          63          60          73
          12.5          52         42          60          43          21
          17.5          67         28          30          29          19
          22.5         120         46          33          25          32
          27.5         115         75          37         160         105
          32.5         460         66          33          90          52
          37.5         515         33          19         180          49
          42.5         250        105          18          75          75
          47.5         100         99          17         195          41
          52.5          93         55          17         325          37
          57.5         100         46          23         495          71
          62.5          68         59          32         335          59
          67.5         100         98          29         230          32
          72.5         190        155          26          33          35
          77.5         150        150          23          31          28
          82.5                    205          19          43          38
          87.5
          92.5
          97.5





    Depth (cm)       15-11       14-11        14-8        14-22        6-15
                    (1.46 m)    (1.63 m)     (1.53 m)    (1.52 m)     (3.01 m)
          1.5          415         420         345          315         350
          4.5           45         115          72           71         115
          7.5           27          58          39           49          90
         12.5           25          41          31           44          75
         17.5           23          31          20           44          58
         22.5           17          22          20           31         105
         27.5           18          24          25           40         145
         32.5           30          31          30           57         115
         37.5           54          34          46          151         295
         42.5           72          26          66           50         270
         47.5           96          27          35           28         220
         52.5          140          27          28           27         135
         57.5           iw          79          48           38         130
         62.5                       38          40           39         130
         67.5                       53          46           46          81
         72.5                      115          62           38          73
         77.5                      155          78           40          89
         82.5                       83         120
         87.5                       80         140
         92.5                       81         160
         97.5                       53



      Depth (cm)         5-22        5-10        1-27        1-21
                       (3.01 m)    (2.98 m)    (3.06 m)    (3.06 m)
             1.5          580         890         305         280
             4.5          280         305          67          59
             7.5           86          86          44          36
            12.5           48          67          36          32
            17.5           27          72          33          28
            22.5           26          56          29          24
            27.5           26          69          29          22
            32.5           25         125          35          23
            37.5           77         160          58          28
            42.5           69          iw         105          36
            47.5           88                     135          39
            52.5           iw                      iw          38
            57.5                                               73
            62.5                                              195
            67.5                                              235
            72.5                                              260
            77.5                                              210
            82.5                                              200
            87.5                                              140
            92.5
            97.5





____________________________________________

    Depth (cm)       48-15      40-16       34-23      34-26      16-27
                    (4.87 m)   (3.43 m)    (3.10 m)   (3.15 m)   (1.03 m)
           2.5         285        450        3070       2270        965
           7.5          83        350        1330       1140        535
          11.5          53        200         445        390        135
          14.5          46         61          84         46         19
          17.5          57         34          61         44         28
          22.5          85         39          38         50         44
          27.5          66         66          63         99         45
          32.5          54         56          78         92         59
          37.5         175         73         160         95         95
          42.5         165        230         250        180        150
          47.5         135        165          iw         iw         72
          52.5         200        235                               110
          57.5         105        330                                64
          62.5          95        170                                21
          67.5         135        205                                27
          72.5          iw        205      
          77.5                     77      
          82.5                    100      
          87.5                             
          92.5
          97.5






