
            usa crrel study area
            soil temperatures
            6/10/65

                              themocouple cable number (plot+point)

               depth     37-1     37-2     37-3     40-1     40-2     44-1     44-2               1-1      1-2    depth      br        cm
                cm                                                                                                  cm
                 5.0      0.3     -4.2     -7.5                       -7.3     -8.2              -0.5     -1.1
                10.0       0*     -4.5     -7.7                       -7.6     -8.7              -1.3     -3.0      7.5     -1.2     -1.8
                15.0       0*     -5.0     -7.9                       -8.0     -9.0              -1.9     -4.1     15.0     -1.8     -5.0
                20.0     -5.2       0*     -8.2                       -8.2     -9.2              -2.7     -4.6     22.5     -2.7     -6.4
                25.0     -5.7     -6.1     -8.5                         0*       0*              -3.4     -5.0     30.0     -3.4     -7.6
                30.0     -6.2     -6.6     -8.9                       -8.5     -9.8              -4.0     -5.6     37.0     -4.1     -8.2
                35.0     -6.5     -7.4     -9.1                       -8.8    -10.0              -4.3     -6.0     45.0     -4.7     -8.4
                40.0     -6.8       0*       0*                       -9.0     -0.2              -4.7     -6.3     52.5     -5.2     -8.8
                45.0     -7.2     -8.3     -9.5                       -9.2    -10.3              -5.0     -6.6     60.0     -5.9       0*
                50.0     -7.8     -8.5     -9.6                       -9.4    -10.3              -5.4     -6.8     75.0     -6.7     -9.5
                75.0     -8.9     -9.5    -10.2                      -10.0    -10.8              -6.7     -7.9    105.0     -8.0    -10.3
               100.0     -9.8    -10.0       0*                      -10.6    -11.2              -7.7     -8.8    165.0     -8.8    -11.7

            time       1500.0   1445.0   1430.0                     1500.0   1445.0            1635.0   1640.0            1515.0   1700.0

            0* denotes thermocouple inoperative



            usa crrel study area
            soil temperatures
            6/17/65

                              themocouple cable number (plot+point)

               depth     37-1     37-2     37-3     40-1     40-2     44-1     44-2               1-1      1-2    depth      br        cm
                cm                                                                                                  cm
                 5.0      1.2     -0.3     -2.3                       -3.9     -3.9              -0.2     -0.4
                10.0       0*     -0.5     -2.6                       -4.2     -5.0              -0.7     -0.9      7.5     -0.1      0.0
                15.0       0*     -0.9     -3.0                       -4.7     -5.5              -1.1     -1.4     15.0     -0.5     -0.8
                20.0     -1.7       0*       0*                       -5.0     -6.0              -1.6     -1.7     22.5     -1.2     -1.6
                25.0     -2.1     -2.0     -4.4                         0*       0*              -2.0     -2.1     30.0     -2.0     -3.0
                30.0     -2.6     -2.8     -5.0                       -5.4     -7.1              -2.5     -2.6     37.0     -2.7     -3.7
                35.0     -2.9     -3.9     -5.4                       -5.9     -7.3              -2.8     -3.0     45.0     -3.3     -4.3
                40.0     -3.4     -4.9       0*                       -6.2     -7.7              -3.1     -3.4     52.5     -3.9     -4.9
                45.0     -3.9     -5.3     -6.2                       -6.4     -8.0              -3.4     -3.7     60.0     -4.3       0*
                50.0     -4.7     -5.6     -6.4                       -6.9     -8.2              -3.7     -4.1     75.0     -5.2     -6.4
                75.0     -6.6     -7.2     -8.8                       -8.2     -9.3              -5.2     -5.8    105.0     -6.7     -8.1
               100.0     -8.0     -8.2       0*                       -9.2    -10.2              -6.5     -7.2    165.0     -7.7    -10.7

            time       1510.0   1550.0   1555.0                     1520.0   1545.0            1710.0   1715.0            1615.0   1635.0

            0* denotes thermocouple inoperative



            usa crrel study area
            soil temperatures
            6/24/65

                              themocouple cable number (plot+point)

               depth     37-1     37-2     37-3     40-1     40-2     44-1     44-2               1-1      1-2    depth      br        cm
                cm                                                                                                  cm
                 5.0      2.3     -0.1     -0.7                       -1.7     -0.9               3.8      1.9
                10.0       0*     -0.2     -1.1                       -2.0     -1.5               0.6     -0.4      7.5      3.6      4.8
                15.0       0*     -0.6     -1.5                       -2.6     -2.2              -0.6     -0.9     15.0      1.9     -0.4
                20.0       0*       0*       0*                       -2.8     -2.6              -1.0     -1.2     22.5     -0.2     -1.2
                25.0     -1.1     -1.5     -2.8                         0*       0*              -1.5     -1.5     30.0     -1.0     -2.3
                30.0     -1.5     -2.1     -3.5                       -3.4     -4.1              -2.0     -2.0     37.0     -1.7     -2.8
                35.0     -1.6     -2.9     -3.7                       -3.8     -4.5              -2.3     -2.3     45.0     -2.3     -3.3
                40.0     -2.2     -3.8       0*                       -4.2     -5.1              -2.6     -2.6     52.5     -2.9     -3.9
                45.0     -2.6     -4.2     -4.5                       -4.5     -5.5              -2.9     -3.0     60.0     -3.5       0*
                50.0     -3.4     -4.5     -4.9                       -4.9     -5.9              -3.3     -3.3     75.0     -4.4     -5.1
                75.0     -5.2     -6.1     -6.2                       -6.4     -7.4              -4.7     -4.7    105.0     -5.9     -6.6
               100.0     -6.5     -7.0       0*                       -7.6     -8.4              -5.7     -6.2    165.0     -6.9     -9.4

            time       1500.0   1445.0   1435.0                     1455.0   1430.0            1720.0   1715.0            1620.0   1600.0

            0* denotes thermocouple inoperative



            usa crrel study area
            soil temperatures
            7/2/65

                              themocouple cable number (plot+point)

               depth     37-1     37-2     37-3     40-1     40-2     44-1     44-2               1-1      1-2    depth      br        cm
                cm                                                                                                  cm
                 5.0       0*      9.2      9.5       0*       0*      6.3      8.6               9.2      5.1
                10.0       0*      8.7      5.1      4.2       0*      4.3      4.0               4.5      2.5      7.5      6.3      5.7
                15.0       0*      6.8      1.2     -0.4     -2.4      2.0     -0.2               2.6      1.1     15.0      4.2      4.0
                20.0      4.8       0*     -0.7     -1.0     -2.7      0.5     -0.7               0.8      0.5     22.5      2.0      0.0
                25.0      3.2     -1.0     -1.3       0*       0*       0*       0*               0.1      0.0     30.0      0.8     -1.2
                30.0      1.6     -0.8     -1.8     -2.5     -3.9     -0.7     -2.0              -0.5     -0.5     37.0     -0.4     -1.9
                35.0      0.5     -1.5     -2.3       0*     -4.2     -1.2     -2.4              -1.0     -1.0     45.0     -1.2     -2.3
                40.0     -0.3     -2.3       0*     -4.2       0*     -1.6     -2.9              -1.5     -1.7     52.5     -1.8     -2.9
                45.0     -0.7     -2.7     -3.1     -4.5     -4.9     -1.8     -3.3              -1.9     -2.1     60.0     -2.3       0*
                50.0     -1.6     -3.2     -3.2     -4.8     -5.2     -2.6     -3.7              -2.4     -2.4     75.0     -3.3     -4.1
                75.0     -3.8     -4.7     -4.8     -6.1     -6.6     -4.5     -5.4              -3.7     -3.9    105.0     -4.9     -5.5
               100.0     -5.2     -5.8       0*     -7.2     -7.7     -5.9     -6.7              -4.8     -5.2    165.0     -6.0     -8.3

            time       1330.0   1420.0   1430.0   1415.0   1435.0   1305.0   1400.0            1020.0   1030.0            1220.0   1200.0

            0* denotes thermocouple inoperative



            usa crrel study area
            soil temperatures
            7/8/65

                              themocouple cable number (plot+point)

               depth     37-1     37-2     37-3     40-1     40-2     44-1     44-2               1-1      1-2    depth      br        cm
                cm                                                                                                  cm
                 5.0      8.8     10.0     11.0       0*      5.4      7.6      8.5               6.5      4.5
                10.0      9.1      9.0      7.8      6.8       0*      6.4      6.3               5.0      3.2      7.5      7.9      5.2
                15.0       0*      7.8      5.0      5.5     -0.7      4.5      4.0               3.6      1.6     15.0      6.5      4.6
                20.0      7.0       0*      2.4      3.0     -1.1      3.0      1.7               1.9      0.7     22.5      4.2      2.0
                25.0      5.8      4.0     -0.2       0*       0*       0*       0*               0.0     -0.2     30.0      2.4     -0.2
                30.0      4.0      1.2     -0.7     -1.2     -2.3      0.7     -0.9              -0.3     -0.7     37.0      0.2     -1.0
                35.0      2.9     -0.6     -1.3       0*     -2.7     -0.2     -1.3              -0.6     -0.9     45.0     -0.9     -1.3
                40.0      1.2     -1.3       0*     -2.8       0*     -0.7     -1.9               0.8     -1.2     52.5     -1.6     -1.9
                45.0      0.0     -1.8     -1.9     -3.2     -3.5     -1.1     -2.3              -1.1     -1.5     60.0     -2.4     -2.2
                50.0     -0.9     -2.1     -2.4     -3.4     -4.8     -1.6     -2.6              -1.5     -1.7     75.0     -3.2     -3.3
                75.0     -3.1     -3.9     -3.9     -4.7     -5.3     -3.4     -4.2              -3.0     -3.2    105.0     -4.6     -4.9
               100.0     -4.5     -5.0       0*     -6.0     -6.6     -4.9     -5.6              -4.4     -4.6    165.0     -5.6     -8.0

            time       1610.0   1540.0   1530.0   1545.0   1530.0   1615.0   1600.0            1815.0   1810.0            1620.0   1915.0

            0* denotes thermocouple inoperative



            usa crrel study area
            soil temperatures
            7/15/65

                              themocouple cable number (plot+point)

               depth     37-1     37-2     37-3     40-1     40-2     44-1     44-2               1-1      1-2    depth      br        cm
                cm                                                                                                  cm
                 5.0      3.1      3.1      3.4       0*       0*      3.2      3.2               3.5      2.1
                10.0      3.2      3.2      2.6      3.2       0*      2.9      2.2               2.4      1.1      7.5      2.9      2.2
                15.0       0*      3.0      1.8      2.8     -0.3      2.2      1.4               1.5      0.5     15.0      2.3      1.7
                20.0      2.4       0*      1.0      2.1     -0.6      1.6      0.2               0.7      0.1     22.5      1.5      0.5
                25.0      2.2      2.0      0.4       0*       0*       0*       0*                 0      1.2     30.0      0.9     -0.2
                30.0      1.6      1.2     -0.2      0.6     -1.6      0.9     -0.4              -0.5     -0.6     37.0      0.2     -0.7
                35.0      1.3      0.3     -0.6       0*     -2.1      0.5     -0.9              -0.7     -0.9     45.0     -0.6     -1.0
                40.0      0.9     -0.4       0*     -1.2       0*     -0.1     -1.3              -1.0     -1.2     52.5     -1.2     -1.4
                45.0      0.5     -0.9     -1.3     -1.5     -2.6     -0.3     -1.7              -1.2     -1.4     60.0     -1.5     -1.8
                50.0     -0.3       0*     -1.7     -2.1     -2.9     -0.8     -2.0              -1.5     -1.7     75.0     -2.5     -2.5
                75.0     -2.3     -2.8     -3.1     -3.5     -4.4     -2.6     -3.7              -2.8     -2.9    105.0     -3.9     -3.8
               100.0     -3.7     -4.1       0*     -5.0     -5.8     -4.0     -5.0              -4.0     -4.2    165.0     -5.0     -6.9

            time       1200.0   1205.0   1215.0   1315.0   1320.0   1150.0   1220.0            1050.0   1045.0            1140.0   1120.0

            0* denotes thermocouple inoperative



            usa crrel study area
            soil temperatures
            7/22/65

                              themocouple cable number (plot+point)

               depth     37-1     37-2     37-3     40-1     40-2     44-1     44-2               1-1      1-2    depth      br        cm
                cm                                                                                                  cm
                 5.0      5.2      6.2      6.5      4.7      4.9      6.3      6.2               6.8      4.6
                10.0      5.9      5.6      5.1      4.7      0.0      6.0      4.7               3.9      2.7      7.5      5.5      7.0
                15.0       0*      5.6      3.6      5.8      0.3      4.3      3.7               2.5      1.5     15.0      3.9      5.4
                20.0      5.4       0*      2.4      5.0      0.0      3.5      2.3               1.5      1.0     22.5      2.3      1.5
                25.0      4.7      4.0      1.3       0*       0*       0*       0*               0.7      0.5     30.0      1.2     -0.4
                30.0      3.3      2.5      0.0      1.9     -1.2      2.3      0.1               0.0     -0.1     37.0      0.0     -1.1
                35.0      2.7      1.1     -0.5       0*     -1.3      1.5     -0.3              -0.4     -0.4     45.0     -1.0     -1.5
                40.0      1.9     -0.1       0*     -0.3       0*      1.3     -0.8              -0.7     -0.7     52.5     -1.5     -2.1
                45.0      1.2     -0.5     -0.8     -0.8     -1.9      0.6     -1.2              -1.0     -1.1     60.0     -1.8     -2.5
                50.0      0.5       0*     -1.2     -1.1     -2.2     -0.2     -1.5              -1.4     -1.4     75.0     -2.6     -3.0
                75.0     -1.7     -2.2     -2.5     -2.6     -3.6     -1.9     -2.8              -2.7     -2.7    105.0     -3.7     -4.1
               100.0     -2.9     -3.2       0*     -3.9     -4.9     -3.2     -4.1              -3.9     -4.0    165.0     -4.5     -6.7

            time       1640.0   1635.0   1610.0   1625.0   1630.0   1605.0   1615.0            1410.0   1400.0            1250.0   1230.0

            0* denotes thermocouple inoperative



            usa crrel study area
            soil temperatures
            7/29/65

                              themocouple cable number (plot+point)

               depth     37-1     37-2     37-3     40-1     40-2     44-1     44-2               1-1      1-2    depth      br        cm
                cm                                                                                                  cm
                 5.0      9.8     13.4      7.7     10.6      5.4      6.6      8.3               6.6      4.6
                10.0       0*     11.0      5.0     10.0       0*      5.4      5.1               4.2      2.2      7.5      5.2      6.7
                15.0       0*      7.8      3.0      5.6      0.4      3.2      3.0               2.5      1.6     15.0      3.1      4.4
                20.0       0*       0*      1.8      3.5     -0.1      2.3      1.6               1.7      1.3     22.5      1.5      1.0
                25.0      2.9      3.1      1.0       0*       0*      8.0       0*               1.2      1.1     30.0      0.7      0.0
                30.0      2.0      1.7      0.1      1.2     -1.1      1.4      0.3               0.5      0.6     37.0     -0.1     -0.8
                35.0      1.6      0.9     -0.3       0*     -1.2      0.9     -0.3               0.0      0.1     45.0     -0.8     -1.2
                40.0      1.1      0.0       0*     -0.4       0*      0.7     -0.7              -0.5     -0.4     52.5     -1.2     -1.6
                45.0      0.9     -0.2     -0.8     -0.6     -1.7      0.4     -1.1              -0.8     -0.9     60.0     -1.4     -2.0
                50.0      0.5       0*     -1.1     -1.0     -1.9     -0.2     -1.3              -1.3     -1.3     75.0     -2.1     -2.3
                75.0     -1.4     -2.0     -2.2     -2.2     -3.0     -1.7     -2.6              -2.5     -2.5    105.0     -3.1     -3.4
               100.0     -2.4     -2.8       0*     -3.4     -4.4     -3.0     -3.8              -3.5     -3.6    165.0     -3.9     -6.0

            time       1300.0   1355.0   1410.0   1350.0   1305.0   1412.0   1420.0            1055.0   1100.0            1235.0   1155.0

            0* denotes thermocouple inoperative



            usa crrel study area
            soil temperatures
            8/21/65

                              themocouple cable number (plot+point)

               depth     37-1     37-2     37-3     40-1     40-2     44-1     44-2               1-1      1-2    depth      br        cm
                cm                                                                                                  cm
                 5.0     10.2     10.3      8.6     11.0      4.8      7.8      9.3               7.8      6.8
                10.0      9.8     10.0      6.7     10.2       0*      6.7      6.2               6.3      4.6      7.5      6.0      8.5
                15.0       0*      8.7      5.2      6.8      0.9      5.3      4.4               5.0      3.4     15.0      5.3      6.2
                20.0      7.0       0*       0*      5.5     -0.2      4.5      3.5               3.8      2.7     22.5      3.9      2.9
                25.0      6.3      5.6      2.9       0*       0*       0*       0*               2.5      1.9     30.0      2.8      0.9
                30.0      5.3      4.5      1.6      3.0     -0.7      3.3      1.0               1.2      0.8     37.0      1.5     -0.7
                35.0      4.9      3.0      0.7      0.7     -0.9      2.7      0.2              -0.2      0.0     45.0     -0.3     -0.9
                40.0      4.1      1.8       0*     -0.4       0*      1.2     -0.3              -0.6     -0.6     52.5     -0.7     -1.2
                45.0      3.3      0.2     -0.3     -0.4     -1.2      1.2     -0.7              -0.8     -0.9     60.0     -1.0     -1.3
                50.0      2.2       0*     -0.7     -0.7     -1.6      0.3     -0.9              -1.1     -1.2     75.0     -1.5     -1.7
                75.0     -1.1     -1.3     -1.8     -1.6     -2.4     -1.4     -1.9              -1.8     -2.2    105.0     -2.5     -2.5
               100.0     -2.2     -2.1       0*     -2.5     -3.7     -2.5     -3.0              -2.8     -3.0    165.0     -3.3     -4.8

            time       1120.0   1155.0   1145.0   1210.0   1215.0   1200.0   1140.0            1030.0   1020.0            1125.0   1105.0

            0* denotes thermocouple inoperative



            usa crrel study area
            soil temperatures
            8/26/65

                              themocouple cable number (plot+point)

               depth     37-1     37-2     37-3     40-1     40-2     44-1     44-2               1-1      1-2    depth      br        cm
                cm                                                                                                  cm
                 5.0      7.8      8.5      8.7     13.6      2.4      4.9      9.5               8.8      6.1
                10.0       0*      8.9      4.5     10.5       0*      3.5      4.1               4.6      3.0      7.5      4.9      7.3
                15.0      4.4      6.7      2.6      4.1      0.0      2.3      2.2               3.0      1.9     15.0      2.6      6.0
                20.0      3.2       0*      2.1      2.5     -0.4      2.0      1.4               2.1      1.5     22.5      1.5      1.7
                25.0      2.6      2.6      1.5       0*       0*       0*       0*               1.3      1.0     30.0      0.9      0.5
                30.0      2.3      2.1      1.0      1.5     -0.9      1.6      0.5               0.6      0.5     37.0      0.4     -0.5
                35.0      2.1      1.5      0.2       0*     -1.1      1.3      0.0              -0.1      0.0     45.0     -0.6     -0.7
                40.0      1.8      0.7       0*      0.0       0*      1.0     -0.5              -0.6     -0.3     52.5     -1.0     -1.0
                45.0      1.5      0.1     -0.7     -0.4     -1.5      0.7     -0.7              -0.9     -0.6     60.0     -1.2     -1.3
                50.0      1.1       0*     -0.5     -0.6     -1.6      0.3     -1.0              -1.1     -1.1     75.0     -1.8     -1.8
                75.0     -1.1     -1.4     -1.4     -1.6     -2.5     -1.4     -2.1              -2.0     -2.1    105.0     -2.9     -2.6
               100.0     -2.0     -2.0       0*     -2.5     -3.6     -2.3     -3.1              -3.0     -3.2    165.0     -3.5     -5.0

            time       1035.0   1045.0   1100.0   1025.0   1025.0   1110.0   1120.0            1155.0   1140.0            1220.0   1235.0

            0* denotes thermocouple inoperative



            usa crrel study area
            soil temperatures
            8/5/65

                              themocouple cable number (plot+point)

               depth     37-1     37-2     37-3     40-1     40-2     44-1     44-2               1-1      1-2    depth      br        cm
                cm                                                                                                  cm
                 5.0     10.6     12.5      7.3     11.0      5.2      6.7      9.4               7.0      5.3
                10.0       0*      9.4      4.3     11.5       0*      4.8      4.5               5.0      2.8      7.5      5.2      8.2
                15.0       0*      7.2      2.2      4.9      0.5      2.7      2.6               3.2      1.9     15.0      2.8      4.9
                20.0       0*       0*      1.5      3.0     -0.1      2.2      1.1               2.1      1.5     22.5      1.3      1.0
                25.0      2.9      2.5      0.8       0*       0*       0*       0*               1.5      1.1     30.0      0.2     -0.4
                30.0      2.0      1.7      0.2      1.4     -1.0      1.6      0.0               0.6      0.7     37.0     -0.6     -1.1
                35.0      1.7      1.1      0.0      0.4     -1.2      1.1     -0.4              -0.1      0.1     45.0     -1.2     -1.6
                40.0      1.4      0.4       0*      0.2       0*      0.9     -0.7              -0.6     -0.4     52.5     -1.3     -2.0
                45.0      1.0     -0.2     -0.6     -0.4     -1.4      0.7     -0.9              -1.0     -1.0     60.0     -1.3     -2.2
                50.0      0.6       0*     -0.7     -0.5     -1.8      0.4     -1.2              -1.4     -1.3     75.0     -1.5     -2.4
                75.0     -1.2     -1.7     -1.8     -1.5     -2.8     -1.2     -2.2              -2.3     -2.6    105.0     -2.6     -3.1
               100.0     -2.2     -2.3       0*     -2.5     -4.0     -2.4     -3.3              -3.2     -3.5    165.0     -3.5     -5.5

            time       1152.0   1150.0   1142.0   1145.0   1155.0   1140.0   1130.0            1100.0   1105.0            1125.0   1210.0

            0* denotes thermocouple inoperative



            usa crrel study area
            soil temperatures
            8/12/65

                              themocouple cable number (plot+point)

               depth     37-1     37-2     37-3     40-1     40-2     44-1     44-2               1-1      1-2    depth      br        cm
                cm                                                                                                  cm
                 5.0      3.8      3.8      3.5      2.5      2.1      3.4      3.6               3.5      2.8
                10.0      3.5      3.5      2.8      3.4       0*      3.2      2.4               2.7      1.9      7.5      3.1      2.9
                15.0       0*      3.3      2.2      3.0      0.2      2.6      1.8               2.0      1.5     15.0      2.5      2.2
                20.0       0*       0*       0*      2.6      0.0      2.4      1.1               1.3      0.8     22.5      2.0      1.0
                25.0      2.7      2.6      1.1       0*       0*       0*       0*               0.7      0.5     30.0      1.2      0.3
                30.0      2.4      2.0      0.5      1.5     -0.6      1.9      0.1              -0.1      0.0     37.0      0.6     -0.3
                35.0      2.1      1.2     -0.2      0.3     -0.8      1.3     -0.4              -0.5     -0.5     45.0     -0.3     -0.5
                40.0      1.9      0.5       0*     -0.4       0*      1.1     -0.7              -0.6     -0.8     52.5     -0.7     -0.7
                45.0      1.5     -0.2     -0.5     -0.5     -1.2      0.7     -0.9              -0.9     -1.0     60.0     -1.1     -1.2
                50.0      0.9       0*     -0.3     -0.7     -1.5     -0.1     -1.2              -1.2     -1.2     75.0     -1.7     -1.6
                75.0     -1.1     -1.6     -1.8     -1.8     -2.5     -1.4     -2.3              -2.3     -2.1    105.0     -2.8     -2.5
               100.0     -2.1     -2.4       0*     -2.8     -3.6     -2.5     -3.3              -3.2     -3.0    165.0     -3.7     -5.1

            time       1045.0   1050.0   1110.0   1055.0   1040.0   1105.0    115.0            1325.0   1320.0            1035.0   1000.0

            0* denotes thermocouple inoperative



            usa crrel study area
            soil temperatures
            9/2/65

                              themocouple cable number (plot+point)

               depth     37-1     37-2     37-3     40-1     40-2     44-1     44-2               1-1      1-2    depth      br        cm
                cm                                                                                                  cm
                 5.0      1.0      4.6      0.8      3.5      0.0      0.0     -0.2               1.0     -0.3
                10.0      0.8      2.5      0.2      2.9       0*      0.2      0.2               0.8     -0.4      7.5     -0.1      1.6
                15.0       0*      0.6      0.0      0.5     -0.1      0.0      0.0               0.9     -0.5     15.0      0.0      0.0
                20.0       0*       0*      0.6      0.0     -1.2      0.0     -0.5               0.9     -0.4     22.5     -0.2      0.0
                25.0      0.1      0.5      0.4       0*       0*       0*       0*               0.5      0.0     30.0     -0.5      0.0
                30.0      0.0      0.8      0.0      0.2     -0.4     -0.5     -0.7               0.6      0.1     37.0     -0.7     -0.2
                35.0      0.4      0.5      0.4       0*     -0.6     -0.1     -0.2               0.4      0.0     45.0     -1.0     -0.6
                40.0      0.5      0.5       0*     -0.6       0*     -0.9      0.0                0*     -0.2     52.5     -1.3     -1.0
                45.0      0.1      0.3     -0.5     -0.2     -1.0     -0.3     -0.5                0*     -0.5     60.0     -1.4     -1.5
                50.0      0.4       0*     -0.3     -0.3     -1.2      0.0     -0.8                0*     -0.8     75.0     -1.6     -1.9
                75.0     -0.7     -1.0     -1.1     -1.3     -2.1     -0.8     -1.3                0*     -1.8    105.0     -2.5     -3.0
               100.0     -1.5     -1.7       0*     -2.0     -3.2     -1.8     -2.5                0*     -3.0    165.0     -3.2     -5.1

            time       1520.0   1445.0   1430.0   1505.0   1515.0   1450.0   1420.0            1350.0   1340.0            1530.0   1555.0

            0* denotes thermocouple inoperative



            usa crrel study area
            soil temperatures
            9/9/65

                              themocouple cable number (plot+point)

               depth     37-1     37-2     37-3     40-1     40-2     44-1     44-2               1-1      1-2    depth      br        cm
                cm                                                                                                  cm
                 5.0      3.9      2.6      2.1      4.3     -0.1      0.3      2.0               0.4      0.0
                10.0       0*      2.5      0.0      3.9       0*      0.1      0.0               0.0     -0.1      7.5      0.0      3.0
                15.0       0*      0.8      0.0      0.1      0.0      0.0      0.0              -0.2     -0.1     15.0     -0.1      0.1
                20.0       0*       0*      0.0      0.1     -0.2      0.0      0.0              -0.2     -0.2     22.5     -0.1     -0.3
                25.0      0.0      0.0      0.0       0*       0*       0*       0*              -0.2     -0.2     30.0     -0.1     -0.3
                30.0      0.0      0.0      0.0      0.0     -0.5      0.0      0.0              -0.1     -0.3     37.0     -0.1     -0.5
                35.0      0.0      0.0     -0.1       0*     -0.8      0.0     -0.2              -0.1     -0.4     45.0     -0.4     -0.6
                40.0      0.0      0.1       0*     -0.1       0*      0.0     -0.4              -0.4     -0.5     52.5     -0.7     -0.9
                45.0      0.0     -0.1     -0.5     -0.3     -1.0      0.0     -0.6              -0.5     -0.8     60.0     -1.0     -1.1
                50.0      0.0       0*     -0.6     -0.5     -1.3      0.0     -0.9              -0.6     -1.0     75.0     -1.5     -1.5
                75.0     -1.0     -1.3     -1.5     -1.3     -2.1     -1.1     -1.6              -1.5     -1.8    105.0     -2.5     -2.4
               100.0     -1.6     -1.9       0*     -2.0     -3.0     -2.0     -2.5              -2.5     -2.7    165.0     -3.1     -4.5

            TIME       1430.0   1450.0   1500.0   1445.0   1435.0   1505.0   1515.0            1635.0   1625.0            1525.0   1705.0

            0* denotes thermocouple inoperative



            usa crrel study area
            soil temperatures
            9/16/65

                              themocouple cable number (plot+point)

               depth     37-1     37-2     37-3     40-1     40-2     44-1     44-2               1-1      1-2    depth      br        cm
                cm                                                                                                  cm
                 5.0      1.2      2.5      2.2      1.9       0*      1.9      2.6               1.3      1.0
                10.0       0*      2.4      1.4      2.1       0*      1.8      1.7               0.7      0.4      7.5      1.7      1.0
                15.0       0*      2.1      0.7      2.1      0.3      1.3      0.9               0.2      0.0     15.0      1.0      0.8
                20.0      1.9       0*       0*      1.9      0.2      1.0      0.5               0.0     -0.1     22.5      0.5      0.1
                25.0      1.4      1.0      0.1       0*      3.0      1.9       0*              -0.4      0.0     30.0      0.1      0.0
                30.0      1.1      0.7      0.0      1.0     -0.3      0.9      0.2              -0.2     -0.3     37.0     -0.1     -0.3
                35.0      1.0      0.5      0.0       0*     -0.5      0.7      0.0              -0.5     -0.4     45.0     -0.5     -0.5
                40.0      0.7      0.5       0*      0.2       0*      0.7     -0.3              -0.6     -0.6     52.5     -0.7     -0.7
                45.0      0.5      0.0       0*      0.0     -0.8      0.7     -0.4              -1.0     -0.7     60.0     -1.0     -1.1
                50.0      0.4       0*     -0.5     -0.2       0*      0.5     -0.5              -1.0     -0.9     75.0     -1.5     -1.4
                75.0     -1.0     -1.4     -1.4     -1.0     -1.6     -0.8     -1.5              -1.0     -1.5    105.0     -2.3     -2.2
               100.0     -2.0     -2.4       0*     -1.6     -2.3     -1.6     -2.4              -2.5     -2.3    165.0     -3.1     -4.3

            time       1430.0   1410.0   1400.0   1425.0   1440.0   1415.0   1355.0            1530.0   1525.0            1450.0   1620.0

            0* denotes thermocouple inoperative

