,X,Y,20220610_20220704,20220610_20220716,20220610_20220728,20220610_20220809,20220610_20220821,20220622_20220716,20220622_20220728,20220622_20220809,20220622_20220821,20220704_20220809,20220704_20220821,20220716_20220728,20220716_20220809,20220716_20220821,20220716_20220902,20220728_20220809,20220728_20220821,20220809_20220821,incidence.tif.xyz
0,-148.8303744258109,69.7398845354781,0.0009257548954337835,-0.006714709103107452,-0.011793669313192368,-0.020816493779420853,-0.022346951067447662,-0.002149960957467556,-0.007228921167552471,-0.01625174656510353,-0.01778220385313034,-0.02174224890768528,-0.02327270619571209,-0.005078960210084915,-0.0141017846763134,-0.01563224196434021,-0.012522675096988678,-0.009022824466228485,-0.010553281754255295,-0.0015304572880268097,42.20140838623047
1,-148.82950236409442,69.7398845354781,-0.0005655726417899132,-0.007120974361896515,-0.012744172476232052,-0.0219145268201828,-0.0228834580630064,-0.0030620163306593895,-0.008685214444994926,-0.01785556972026825,-0.0188244991004467,-0.021348953247070312,-0.022317886352539062,-0.005623198114335537,-0.014793552458286285,-0.015762483701109886,-0.01312580518424511,-0.009170354343950748,-0.01013928558677435,-0.0009689312428236008,42.199256896972656
2,-148.82863030237795,69.7398845354781,0.0006242033559828997,-0.008099105209112167,-0.014793366193771362,-0.023446250706911087,-0.024851229041814804,-0.0034703747369349003,-0.010164635255932808,-0.018817519769072533,-0.02022249810397625,-0.024070454761385918,-0.025475433096289635,-0.006694260984659195,-0.01534714549779892,-0.016752123832702637,-0.013879094272851944,-0.008652884513139725,-0.010057862848043442,-0.001404978334903717,42.19709777832031
3,-148.82775824066147,69.7398845354781,-0.0015250882133841515,-0.012301908805966377,-0.014374753460288048,-0.02381254732608795,-0.026830745860934258,-0.0076886313036084175,-0.009761475957930088,-0.019199270755052567,-0.022217467427253723,-0.022287458181381226,-0.02530565857887268,-0.0020728446543216705,-0.011510638520121574,-0.01452883705496788,-0.011003144085407257,-0.009437793865799904,-0.01245599240064621,-0.003018198534846306,42.1949462890625
4,-148.826886178945,69.7398845354781,-0.0006678961217403412,-0.007390999235212803,-0.013611378148198128,-0.022340811789035797,-0.025200732052326202,-0.0025061247870326042,-0.008726503700017929,-0.0174559373408556,-0.020315857604146004,-0.021672915667295456,-0.02453283593058586,-0.006220378912985325,-0.014949812553822994,-0.017809733748435974,-0.014002556912600994,-0.00872943364083767,-0.011589353904128075,-0.0028599202632904053,42.19279098510742
5,-148.8260141172285,69.7398845354781,-0.0006595514714717865,-0.0073781246319413185,-0.01361638493835926,-0.022340096533298492,-0.0252004936337471,-0.0024884818121790886,-0.00872674211859703,-0.017450453713536263,-0.02031085081398487,-0.021680545061826706,-0.024540942162275314,-0.006238260306417942,-0.014961971901357174,-0.017822369933128357,-0.014018054120242596,-0.008723711594939232,-0.01158410869538784,-0.0028603971004486084,42.19279098510742
6,-148.82514205551203,69.7398845354781,-0.002840715926140547,-0.013139143586158752,-0.017660345882177353,-0.026308204978704453,-0.02898680791258812,-0.008185582235455513,-0.012706784531474113,-0.021354643628001213,-0.02403324656188488,-0.02346748858690262,-0.026146091520786285,-0.0045212022960186005,-0.0131690613925457,-0.015847664326429367,-0.013333167880773544,-0.0086478590965271,-0.011326462030410767,-0.002678602933883667,42.19063949584961
7,-148.82426999379555,69.7398845354781,-0.0028181662783026695,-0.014416893944144249,-0.01992209069430828,-0.029353275895118713,-0.030482012778520584,-0.009944392368197441,-0.015449589118361473,-0.024880774319171906,-0.026009511202573776,-0.02653510868549347,-0.02766384556889534,-0.005505196750164032,-0.014936381950974464,-0.016065118834376335,-0.012300074100494385,-0.009431185200810432,-0.010559922084212303,-0.0011287368834018707,42.18848419189453
8,-148.82339793207908,69.7398845354781,-0.0031344518065452576,-0.010386374779045582,-0.014825649559497833,-0.02367645502090454,-0.024647487327456474,-0.0058648791164159775,-0.010304153896868229,-0.019154958426952362,-0.020125992596149445,-0.020542003214359283,-0.021513035520911217,-0.0044392747804522514,-0.01329008024185896,-0.014261112548410892,-0.010826739482581615,-0.008850805461406708,-0.009821837767958641,-0.0009710323065519333,42.18632507324219
9,-148.8225258703626,69.7398845354781,-0.0015315571799874306,-0.010734420269727707,-0.015182964503765106,-0.02442498877644539,-0.026412364095449448,-0.006176282186061144,-0.010624825954437256,-0.01986685022711754,-0.021854225546121597,-0.022893432527780533,-0.02488080784678459,-0.004448544234037399,-0.013690568506717682,-0.01567794382572174,-0.013014152646064758,-0.009242024272680283,-0.011229399591684341,-0.001987375319004059,42.184173583984375
10,-148.82165380864612,69.7398845354781,-0.002357838675379753,-0.012697690166532993,-0.018421003594994545,-0.027376603335142136,-0.028570087626576424,-0.007738286163657904,-0.013461599126458168,-0.02241719886660576,-0.023610683158040047,-0.025018764659762383,-0.02621224895119667,-0.005723313428461552,-0.014678913168609142,-0.015872396528720856,-0.01166518498212099,-0.00895559974014759,-0.010149084031581879,-0.001193484291434288,42.18202209472656
11,-148.82078174692964,69.7398845354781,-0.002349255606532097,-0.012684577144682407,-0.018426010385155678,-0.02737564966082573,-0.02856961078941822,-0.007720643188804388,-0.013462075963616371,-0.022411715239286423,-0.023605676367878914,-0.025026394054293633,-0.026220355182886124,-0.00574143324047327,-0.014691072516143322,-0.01588503271341324,-0.011680682189762592,-0.008949639275670052,-0.010143600404262543,-0.0011939611285924911,42.18202209472656
12,-148.81990968521316,69.7398845354781,-0.002781139686703682,-0.0131317637860775,-0.016969094052910805,-0.025833288207650185,-0.02728000283241272,-0.008356967940926552,-0.012194298207759857,-0.021058492362499237,-0.022505206987261772,-0.023052148520946503,-0.024498863145709038,-0.0038373302668333054,-0.012701524421572685,-0.01414823904633522,-0.010678458958864212,-0.00886419415473938,-0.010310908779501915,-0.001446714624762535,42.17987060546875
13,-148.81903762349668,69.7398845354781,-0.001326791476458311,-0.01048431545495987,-0.014716316014528275,-0.02381102554500103,-0.025199169293045998,-0.0056318240240216255,-0.00986382458359003,-0.01895853504538536,-0.02034667879343033,-0.02248423360288143,-0.0238723773509264,-0.004232000559568405,-0.01332671009004116,-0.014714853838086128,-0.011305909603834152,-0.009094709530472755,-0.010482853278517723,-0.0013881437480449677,42.17771530151367
14,-148.8181655617802,69.7398845354781,-0.0036643389612436295,-0.01483963243663311,-0.018866321071982384,-0.028463076800107956,-0.030642013996839523,-0.009739870205521584,-0.013766558840870857,-0.02336331456899643,-0.025542251765727997,-0.024798737838864326,-0.026977675035595894,-0.004026688635349274,-0.013623444363474846,-0.015802381560206413,-0.012523990124464035,-0.009596755728125572,-0.01177569292485714,-0.0021789371967315674,42.175559997558594
15,-148.81729350006376,69.7398845354781,0.0003449483774602413,-0.013059691525995731,-0.01927044987678528,-0.028356533497571945,-0.029299093410372734,-0.008722534403204918,-0.01493329182267189,-0.024019375443458557,-0.024961935356259346,-0.028701482340693474,-0.029644042253494263,-0.006210758350789547,-0.015296841971576214,-0.016239400953054428,-0.01321547944098711,-0.009086083620786667,-0.010028643533587456,-0.0009425599128007889,42.17340850830078
16,-148.81642143834728,69.7398845354781,-0.0006328485906124115,-0.01109353732317686,-0.01565616950392723,-0.024630803614854813,-0.02455030009150505,-0.005864323116838932,-0.010426955297589302,-0.019401589408516884,-0.019321085885167122,-0.0239979550242424,-0.02391745150089264,-0.00456263218075037,-0.013537266291677952,-0.01345676276832819,-0.010698656551539898,-0.008974634110927582,-0.00889413058757782,8.050352334976196e-05,42.17124938964844
17,-148.8155493766308,69.7398845354781,-0.0006245039403438568,-0.011080662719905376,-0.015661414712667465,-0.024630088359117508,-0.02455006167292595,-0.005846680141985416,-0.010427432134747505,-0.019396105781197548,-0.01931607909500599,-0.02400558441877365,-0.023925557732582092,-0.004580751992762089,-0.013549425639212132,-0.013469398953020573,-0.0107141537591815,-0.008968673646450043,-0.008888646960258484,8.002668619155884e-05,42.17124938964844
18,-148.81467731491432,69.7398845354781,-0.0020200894214212894,-0.011090096086263657,-0.014409303665161133,-0.02417464181780815,-0.026345079764723778,-0.006468489766120911,-0.009787697345018387,-0.019553035497665405,-0.021723473444581032,-0.02215455286204815,-0.024324990808963776,-0.003319207578897476,-0.013084545731544495,-0.015254983678460121,-0.013776237145066261,-0.009765338152647018,-0.011935776099562645,-0.0021704379469156265,42.168601989746094
19,-148.81380525319784,69.7398845354781,-0.003143975045531988,-0.01623392477631569,-0.01596570387482643,-0.02455204911530018,-0.025060322135686874,-0.012052889913320541,-0.011784669011831284,-0.02037101425230503,-0.020879287272691727,-0.021408073604106903,-0.0219163466244936,0.0002682209014892578,-0.00831812433898449,-0.008826397359371185,-0.004359349608421326,-0.008586345240473747,-0.009094618260860443,-0.0005082730203866959,42.166446685791016
20,-148.81293319148136,69.7398845354781,-0.002747452352195978,-0.009152019396424294,-0.008903348818421364,-0.01830572448670864,-0.02026541717350483,-0.004477501846849918,-0.004228831268846989,-0.013631206937134266,-0.015590899623930454,-0.01555827260017395,-0.01751796528697014,0.0002486705780029297,-0.009153705090284348,-0.011113397777080536,-0.009286109358072281,-0.009402375668287277,-0.011362068355083466,-0.0019596926867961884,42.1642951965332
21,-148.81206112976488,69.7398845354781,-0.0013378444127738476,-0.008996841497719288,-0.013585451990365982,-0.02290385216474533,-0.024216236546635628,-0.004947831388562918,-0.009536441415548325,-0.018854841589927673,-0.02016722597181797,-0.021566007286310196,-0.022878391668200493,-0.004588610492646694,-0.013907010667026043,-0.01521939504891634,-0.013159242458641529,-0.009318400174379349,-0.010630784556269646,-0.001312384381890297,42.16214370727539
22,-148.8111890680484,69.7398845354781,-0.00039767054840922356,-0.011748350225389004,-0.013401699252426624,-0.022181876003742218,-0.02177020162343979,-0.007018677890300751,-0.008672026917338371,-0.01745220273733139,-0.01704052835702896,-0.021784204989671707,-0.021372530609369278,-0.0016533490270376205,-0.010433525778353214,-0.010021851398050785,-0.006894680671393871,-0.008780176751315594,-0.008368502371013165,0.0004116743803024292,42.15998840332031
23,-148.81031700633193,69.7398845354781,-0.0015293913893401623,-0.009507639333605766,-0.014204982668161392,-0.02317790500819683,-0.023960009217262268,-0.005068094935268164,-0.009765438735485077,-0.018738361075520515,-0.019520465284585953,-0.02164851315319538,-0.02243061736226082,-0.004697343334555626,-0.013670265674591064,-0.014452369883656502,-0.011899223551154137,-0.008972922340035439,-0.009755026549100876,-0.0007821042090654373,42.1578369140625
24,-148.80944494461545,69.7398845354781,-0.0015210467390716076,-0.009494764730334282,-0.014209989458322525,-0.023177189752459526,-0.023959770798683167,-0.005050451960414648,-0.009765677154064178,-0.01873287744820118,-0.01951545849442482,-0.02165614254772663,-0.02243872359395027,-0.004715224727988243,-0.013682425022125244,-0.014465006068348885,-0.01191495917737484,-0.008967200294137001,-0.009749781340360641,-0.0007825810462236404,42.1578369140625
25,-148.80857288289897,69.7398845354781,-0.0024745180271565914,-0.009863102808594704,-0.018104074522852898,-0.028270715847611427,-0.028983470052480698,-0.0053911940194666386,-0.013632165268063545,-0.023798806592822075,-0.024511560797691345,-0.02579619735479355,-0.02650895155966282,-0.008240971714258194,-0.018407613039016724,-0.019120367243885994,-0.016908593475818634,-0.01016664132475853,-0.0108793955296278,-0.0007127542048692703,42.155677795410156
26,-148.8077008211825,69.7398845354781,-0.0010618013329803944,-0.00945225078612566,-0.010371284559369087,-0.02150758169591427,-0.022566555067896843,-0.005438076797872782,-0.006357110571116209,-0.017493408173322678,-0.018552381545305252,-0.02044578082859516,-0.021504754200577736,-0.0009190337732434273,-0.012055330909788609,-0.013114304281771183,-0.012364658527076244,-0.011136297136545181,-0.012195270508527756,-0.0010589733719825745,42.153526306152344
27,-148.80682875946601,69.7398845354781,0.00022685294970870018,-0.0059190308675169945,-0.010100139304995537,-0.019987396895885468,-0.02150164358317852,-0.001975365448743105,-0.006156473886221647,-0.016043731942772865,-0.017557978630065918,-0.020214250311255455,-0.021728496998548508,-0.004181108437478542,-0.014068366028368473,-0.015582612715661526,-0.015934668481349945,-0.00988725759088993,-0.011401504278182983,-0.0015142466872930527,42.151371002197266
28,-148.80595669774954,69.7398845354781,-0.001979537308216095,-0.010090246796607971,-0.017718512564897537,-0.02704436331987381,-0.026981083676218987,-0.006120786070823669,-0.013749051839113235,-0.023074902594089508,-0.023011622950434685,-0.025064826011657715,-0.02500154636800289,-0.007628265768289566,-0.01695411652326584,-0.016890836879611015,-0.016863182187080383,-0.009325850754976273,-0.00926257111132145,6.32796436548233e-05,42.14921951293945
29,-148.80508463603306,69.7398845354781,-0.0035355212166905403,-0.01084711030125618,-0.014245275408029556,-0.02441362477838993,-0.025291696190834045,-0.00655254814773798,-0.009950713254511356,-0.020119063556194305,-0.02099713310599327,-0.020878102630376816,-0.02175617590546608,-0.0033981651067733765,-0.013566514477133751,-0.014444585889577866,-0.016276942566037178,-0.010168349370360374,-0.01104642078280449,-0.0008780714124441147,42.14706039428711
30,-148.8042125743166,69.7398845354781,-0.003526938147842884,-0.010833997279405594,-0.014250043779611588,-0.024412671104073524,-0.025291219353675842,-0.006534905172884464,-0.009950951673090458,-0.02011357992887497,-0.020992126315832138,-0.020885732024908066,-0.021764282137155533,-0.0034160465002059937,-0.01357867382466793,-0.014457222074270248,-0.01629243977367878,-0.010162627324461937,-0.011041175574064255,-0.0008785482496023178,42.14706039428711
31,-148.80334051260013,69.7398845354781,-0.001636197790503502,-0.01398283801972866,-0.021535752341151237,-0.031200073659420013,-0.029995493590831757,-0.010122910141944885,-0.017675824463367462,-0.027340145781636238,-0.02613556571304798,-0.02956387586891651,-0.028359295800328255,-0.007552914321422577,-0.017217235639691353,-0.016012655571103096,-0.01608133316040039,-0.009664321318268776,-0.008459741249680519,0.0012045800685882568,42.1449089050293
